 # nodes    DP_lo    DP_hi    BF_lo    BF_hi        gap  brute contain empty full
 1     6   0.2628   0.8512   0.2628   0.8512   1.53e-13   1     1     1   1
 2     5   0.3770   0.8432   0.3770   0.8432   4.90e-13   1     1     1   1
 3     4   0.5000   0.8380   0.5000   0.8380   1.17e-13   1     1     1   1
 4     2   0.5000   0.7484   0.5000   0.7484   4.99e-13   1     1     1   1
 5     4   0.3121   0.8355   0.3121   0.8355   3.99e-13   1     1     1   1
 6     4   0.3906   0.7674   0.3906   0.7674   2.07e-13   1     1     1   1
 7     8   0.2590   0.8507   0.2590   0.8507   1.43e-13   1     1     1   1
 8     7   0.5000   0.9012   0.5000   0.9012   2.27e-13   1     1     1   1
 9     4   0.3145   0.7958   0.3145   0.7958   4.30e-13   1     1     1   1
10     3   0.5000   0.8252   0.5000   0.8252   4.30e-13   1     1     1   1
11     6   0.2582   0.8378   0.2582   0.8378   5.18e-13   1     1     1   1
12     3   0.2059   0.6572   0.2059   0.6572   3.63e-13   1     1     1   1
13     6   0.2474   0.7142   0.2474   0.7142   5.04e-13   1     1     1   1
14     4   0.5000   0.6941   0.5000   0.6941   5.08e-13   1     1     1   1
15     4   0.5000   0.8582   0.5000   0.8582   5.63e-13   1     1     1   1
16     5   0.3130   0.6608   0.3130   0.6608   1.52e-13   1     1     1   1
17     2   0.5000   0.7312   0.5000   0.7312   2.14e-13   1     1     1   1
18     8   0.2409   0.8324   0.2409   0.8324   3.89e-13   1     1     1   1
19     7   0.3045   0.9121   0.3045   0.9121   7.18e-14   1     1     1   1
20     4   0.5000   0.8676   0.5000   0.8676   2.19e-13   1     1     1   1

Graphs validated: 20
(brute-force exact match, gap<1e-6): 20/20   max gap 5.63e-13
(a) exact inside outer bound       : 20/20
(b) empty-reveal 0.5 inside range  : 20/20
(c) full-reveal posterior inside   : 20/20

VALIDATION: PASS
